Good stages
jock
104 [ 2, 2, 2, 2, 4, 0, 8, 0, 2, 2, 2, 2, 0, 0, 4, 0, ],
124 [ 2, 0, 16, 0, 0, 0, 0, 0, 0, 32, 8, 0, 0, 2, 4, 0, ],
240 [ 4, 2, 8, 4, 2, 2, 2, 2, 8, 2, 2, 8, 4, 8, 2, 4, ],

milf
76 [ 2, 0, 0, 4, 2, 0, 0, 0, 2, 0, 0, 0, 16, 2, 2, 2, ],
96 [ 2, 0, 0, 4, 4, 0, 0, 2, 2, 8, 0, 4, 4, 0, 0, 2, ],
508 [ 0, 2, 0, 128, 0, 0, 8, 0, 64, 16, 0, 2, 32, 4, 0, 0, ],

junkieA
628 [ 16, 0, 4, 32, 8, 4, 2, 0, 0, 2, 4, 8, 128, 0, 32, 16, ],
60 [ 0, 2, 4, 2, 0, 0, 8, 4, 0, 0, 0, 2, 16, 0, 0, 0, ],

junkieB
152 [ 0, 16, 0, 0, 0, 8, 16, 0, 0, 16, 4, 0, 0, 4, 2, 0, ],
192 [ 2, 0, 0, 2, 16, 4, 4, 16, 8, 4, 4, 8, 2, 0, 0, 2, ],

junkieC
96 [ 8, 0, 0, 0, 0, 2, 2, 2, 0, 2, 8, 2, 0, 2, 2, 2, ],
384 [ 32, 4, 4, 16, 4, 0, 0, 4, 4, 2, 0, 4, 16, 4, 4, 32, ],

catgirlA
96 [ 0, 2, 4, 8, 2, 4, 2, 0, 0, 2, 0, 0, 4, 0, 0, 4, ],
324 [ 64, 2, 4, 8, 2, 4, 8, 0, 4, 8, 0, 16, 8, 0, 0, 8, ],

catgirlB
128 [ 0, 0, 4, 0, 0, 2, 16, 64, 64, 0, 8, 0, 0, 0, 0, 0, ],
148 hard [ 0, 4, 8, 2, 0, 16, 32, 16, 0, 2, 4, 8, 4, 0, 0, 0, ],